100010
000100
000100
01100110
01000100
11001100
0000100010
0000000000
0101000100
00
00
01
00
01
01
01
01
11
0000
0000
0101
00000010
00000000
01010100
11
01
10
000100
010110
011100
010000
010110
110100
000100
000110
011100
000000
000110
010100
00000100
00000110
01011100
100000
000110
000100
1001
0001
0011
1001
0001
0011
000010
000000
010000
100011
000101
000110
00100011
00000101
01000110
0000100011
0000000101
0101000110
000011
000101
010110
00000011
00000101
01010110
1110
0100
0110
001110
000100
010110
00001110
00000100
01010110
0000100010
0000001010
0101000000
00100010
00001010
01000000
00001000100000
00000010100100
01010000000110
00001000100100
00000010100100
01010000001110
000010001001000000
000000101001000100
010100000011100110
01100010
01000100
11000100
01100010
01000000
11000100
100011
000101
000110
0011
0101
0110
100100
000100
001100
00100100
01000100
01001100
00100100
00000100
01001100
0000111010001110
0000010000010100
0101011000011000
000011101000110010
000001000001010100
010101100001100100
000011101000001110
000001000001010100
010101100001011000
00001110100011
00000100000101
01010110000110
0100
0100
1100
0110
0100
1100
01100010
01000100
11000100
01001000100010
01000000000000
11000001000000
0100100010
0100000000
1100000100
01
11
00
00001000100000100010011101001101
00000010100100001010000010001000
01010000000110101010000000010010 
0101
0110
1100
011000
010000
110000 
000011
010101
010110
0


